token,function,dimension,size,n,network,avg_time(s),avg_comm(MB)
2,RMSNorm_group16,[2,16],32,2,wan,0.203141500000,0.004891400000
2,cos,[2,128],256,2,wan,0.217086500000,0.039071100000
2,RMSNorm_group8,[2,8],16,2,wan,0.201970000000,0.002449990000
2,sin,[2,128],256,2,wan,0.216902000000,0.039071100000
2,softmax,[16,2,2],64,2,wan,0.205077500000,0.009774210000
2,SiLU,[2,3072],6144,2,wan,0.578129000000,0.937509000000
2,RMSNorm_scalar,[2,1],2,2,wan,0.200945500000,0.000313759000
4,RMSNorm_group16,[4,16],64,2,wan,0.205134500000,0.009774210000
4,cos,[4,128],512,2,wan,0.232652500000,0.078133600000
4,RMSNorm_group8,[4,8],32,2,wan,0.203112000000,0.004891400000
4,sin,[4,128],512,2,wan,0.232486000000,0.078133600000
4,softmax,[16,4,4],256,2,wan,0.216791000000,0.039071100000
4,SiLU,[4,3072],12288,2,wan,0.950063000000,1.875010000000
4,RMSNorm_scalar,[4,1],4,2,wan,0.201199000000,0.000618935000
8,RMSNorm_group16,[8,16],128,2,wan,0.209045500000,0.019539800000
8,cos,[8,128],1024,2,wan,0.264029000000,0.156259000000
8,RMSNorm_group8,[8,8],64,2,wan,0.205131500000,0.009774210000
8,sin,[8,128],1024,2,wan,0.264169500000,0.156259000000
8,softmax,[16,8,8],1024,2,wan,0.264313500000,0.156259000000
8,SiLU,[8,3072],24576,2,wan,1.694835000000,3.750010000000
8,RMSNorm_scalar,[8,1],8,2,wan,0.201411500000,0.001229290000
16,RMSNorm_group16,[16,16],256,2,wan,0.216920500000,0.039071100000
16,cos,[16,128],2048,2,wan,0.327011000000,0.312509000000
16,RMSNorm_group8,[16,8],128,2,wan,0.209025000000,0.019539800000
16,sin,[16,128],2048,2,wan,0.329038000000,0.312509000000
16,softmax,[16,16,16],4096,2,wan,0.453547000000,0.625009000000
16,SiLU,[16,3072],49152,2,wan,3.188250000000,7.500010000000
16,RMSNorm_scalar,[16,1],16,2,wan,0.201959000000,0.002449990000
32,RMSNorm_group16,[32,16],512,2,wan,0.232567000000,0.078133600000
32,cos,[32,128],4096,2,wan,0.453005500000,0.625009000000
32,RMSNorm_group8,[32,8],256,2,wan,0.216971500000,0.039071100000
32,sin,[32,128],4096,2,wan,0.453265500000,0.625009000000
32,softmax,[16,32,32],16384,2,wan,1.207700000000,2.500010000000
32,SiLU,[32,3072],98304,2,wan,6.180680000000,15.000000000000
32,RMSNorm_scalar,[32,1],32,2,wan,0.203168000000,0.004891400000
64,RMSNorm_group16,[64,16],1024,2,wan,0.264650000000,0.156259000000
64,cos,[64,128],8192,2,wan,0.704605000000,1.250010000000
64,RMSNorm_group8,[64,8],512,2,wan,0.232591500000,0.078133600000
64,sin,[64,128],8192,2,wan,0.703329500000,1.250010000000
64,softmax,[16,64,64],65536,2,wan,4.180130000000,10.000000000000
64,SiLU,[64,3072],196608,2,wan,12.240450000000,30.000000000000
64,RMSNorm_scalar,[64,1],64,2,wan,0.205082000000,0.009774210000
128,RMSNorm_group16,[128,16],2048,2,wan,0.327285000000,0.312509000000
128,cos,[128,128],16384,2,wan,1.201865000000,2.500010000000
128,RMSNorm_group8,[128,8],1024,2,wan,0.264023000000,0.156259000000
128,sin,[128,128],16384,2,wan,1.202170000000,2.500010000000
128,softmax,[16,128,128],262144,2,wan,16.281350000000,40.000000000000
128,SiLU,[128,3072],393216,2,wan,24.413750000000,60.000000000000
128,RMSNorm_scalar,[128,1],128,2,wan,0.208918500000,0.019539800000
256,RMSNorm_group16,[256,16],4096,2,wan,0.453283500000,0.625009000000
256,cos,[256,128],32768,2,wan,2.197325000000,5.000010000000
256,RMSNorm_group8,[256,8],2048,2,wan,0.326861000000,0.312509000000
256,sin,[256,128],32768,2,wan,2.196280000000,5.000010000000
256,softmax,[16,256,256],1048576,2,wan,64.872650000000,160.000000000000
256,SiLU,[256,3072],786432,2,wan,48.697800000000,120.000000000000
256,RMSNorm_scalar,[256,1],256,2,wan,0.216893500000,0.039071100000
512,RMSNorm_group16,[512,16],8192,2,wan,0.703817500000,1.250010000000
512,cos,[512,128],65536,2,wan,4.208740000000,10.000000000000
512,RMSNorm_group8,[512,8],4096,2,wan,0.455429000000,0.625009000000
512,sin,[512,128],65536,2,wan,4.203350000000,10.000000000000
512,softmax,[16,512,512],4194304,2,wan,258.852500000000,640.000000000000
512,SiLU,[512,3072],1572864,2,wan,97.023100000000,240.000000000000
512,RMSNorm_scalar,[512,1],512,2,wan,0.232591000000,0.078133600000
1024,RMSNorm_group16,[1024,16],16384,2,wan,1.213695000000,2.500010000000
1024,cos,[1024,128],131072,2,wan,8.240860000000,20.000000000000
1024,RMSNorm_group8,[1024,8],8192,2,wan,0.704061000000,1.250010000000
1024,sin,[1024,128],131072,2,wan,8.213970000000,20.000000000000
