token,function,dimension,size,n,network,avg_time(s),avg_comm(MB)
2,RMSNorm_group16,[2,16],32,2,wan,0.200894000000,0.000985146000
2,cos,[2,128],256,2,wan,0.201573000000,0.007821080000
2,RMSNorm_group8,[2,8],16,2,wan,0.200651000000,0.000496864000
2,sin,[2,128],256,2,wan,0.201553000000,0.007821080000
2,softmax,[16,2,2],64,2,wan,0.200980000000,0.001961710000
2,SiLU,[2,3072],6144,2,wan,0.217665000000,0.187509000000
2,RMSNorm_scalar,[2,1],2,2,wan,0.200521500000,0.000069618200
4,RMSNorm_group16,[4,16],64,2,wan,0.200960500000,0.001961710000
4,cos,[4,128],512,2,wan,0.202264500000,0.015633600000
4,RMSNorm_group8,[4,8],32,2,wan,0.200895000000,0.000985146000
4,sin,[4,128],512,2,wan,0.202255500000,0.015633600000
4,softmax,[16,4,4],256,2,wan,0.201572500000,0.007821080000
4,SiLU,[4,3072],12288,2,wan,0.234333000000,0.375009000000
4,RMSNorm_scalar,[4,1],4,2,wan,0.200502500000,0.000130653000
8,RMSNorm_group16,[8,16],128,2,wan,0.201223000000,0.003914830000
8,cos,[8,128],1024,2,wan,0.203734000000,0.031258600000
8,RMSNorm_group8,[8,8],64,2,wan,0.201006500000,0.001961710000
8,sin,[8,128],1024,2,wan,0.203691500000,0.031258600000
8,softmax,[16,8,8],1024,2,wan,0.203700500000,0.031258600000
8,SiLU,[8,3072],24576,2,wan,0.268314500000,0.750009000000
8,RMSNorm_scalar,[8,1],8,2,wan,0.200484500000,0.000252724000
16,RMSNorm_group16,[16,16],256,2,wan,0.201613000000,0.007821080000
16,cos,[16,128],2048,2,wan,0.206525500000,0.062508600000
16,RMSNorm_group8,[16,8],128,2,wan,0.201199000000,0.003914830000
16,sin,[16,128],2048,2,wan,0.206552000000,0.062508600000
16,softmax,[16,16,16],4096,2,wan,0.212106000000,0.125009000000
16,SiLU,[16,3072],49152,2,wan,0.337635000000,1.500010000000
16,RMSNorm_scalar,[16,1],16,2,wan,0.200680000000,0.000496864000
32,RMSNorm_group16,[32,16],512,2,wan,0.202245500000,0.015633600000
32,cos,[32,128],4096,2,wan,0.212085000000,0.125009000000
32,RMSNorm_group8,[32,8],256,2,wan,0.201561500000,0.007821080000
32,sin,[32,128],4096,2,wan,0.212089500000,0.125009000000
32,softmax,[16,32,32],16384,2,wan,0.246109000000,0.500009000000
32,SiLU,[32,3072],98304,2,wan,0.469698500000,3.000010000000
32,RMSNorm_scalar,[32,1],32,2,wan,0.200892000000,0.000985146000
64,RMSNorm_group16,[64,16],1024,2,wan,0.203710500000,0.031258600000
64,cos,[64,128],8192,2,wan,0.223395000000,0.250009000000
64,RMSNorm_group8,[64,8],512,2,wan,0.202277500000,0.015633600000
64,sin,[64,128],8192,2,wan,0.223363000000,0.250009000000
64,softmax,[16,64,64],65536,2,wan,0.381308500000,2.000010000000
64,SiLU,[64,3072],196608,2,wan,0.737626500000,6.000010000000
64,RMSNorm_scalar,[64,1],64,2,wan,0.201016500000,0.001961710000
128,RMSNorm_group16,[128,16],2048,2,wan,0.206518500000,0.062508600000
128,cos,[128,128],16384,2,wan,0.246259000000,0.500009000000
128,RMSNorm_group8,[128,8],1024,2,wan,0.203722000000,0.031258600000
128,sin,[128,128],16384,2,wan,0.245881500000,0.500009000000
128,softmax,[16,128,128],262144,2,wan,0.924315000000,8.000010000000
128,SiLU,[128,3072],393216,2,wan,1.268625000000,12.000000000000
128,RMSNorm_scalar,[128,1],128,2,wan,0.201083500000,0.003914830000
256,RMSNorm_group16,[256,16],4096,2,wan,0.212083500000,0.125009000000
256,cos,[256,128],32768,2,wan,0.292632500000,1.000010000000
256,RMSNorm_group8,[256,8],2048,2,wan,0.206398500000,0.062508600000
256,sin,[256,128],32768,2,wan,0.290893000000,1.000010000000
256,softmax,[16,256,256],1048576,2,wan,3.090535000000,32.000000000000
256,SiLU,[256,3072],786432,2,wan,2.346625000000,24.000000000000
256,RMSNorm_scalar,[256,1],256,2,wan,0.201449000000,0.007821080000
512,RMSNorm_group16,[512,16],8192,2,wan,0.223243500000,0.250009000000
512,cos,[512,128],65536,2,wan,0.380221000000,2.000010000000
512,RMSNorm_group8,[512,8],4096,2,wan,0.211958000000,0.125009000000
512,sin,[512,128],65536,2,wan,0.382544500000,2.000010000000
512,softmax,[16,512,512],4194304,2,wan,11.712400000000,128.000000000000
512,SiLU,[512,3072],1572864,2,wan,4.531160000000,48.000000000000
512,RMSNorm_scalar,[512,1],512,2,wan,0.202113000000,0.015633600000
1024,RMSNorm_group16,[1024,16],16384,2,wan,0.246193500000,0.500009000000
1024,cos,[1024,128],131072,2,wan,0.557478000000,4.000010000000
1024,RMSNorm_group8,[1024,8],8192,2,wan,0.223319000000,0.250009000000
1024,sin,[1024,128],131072,2,wan,0.557538000000,4.000010000000
